#QTRD000179 Intel Realsense camera parameters
fx: 609.1828002929688
fy: 609.3431396484375
cx: 327.2808532714844
cy: 233.28843688964844